trial 1276624982
243	5
173	5
120	4
131	4
191	5
130	4
249	5
149	4
96	3
212	5
trial 1276625056
116	4
186	5
186	5
169	5
88	3
124	4
202	4
170	4
168	4
138	4
trial 1276625184
87	3
182	4
115	4
97	3
244	5
168	5
203	5
221	5
216	5
206	5
trial 1276625263
78	4
51	3
153	4
153	4
218	5
248	5
139	4
194	4
137	4
198	5
trial 1276625312
71	3
183	4
129	4
154	4
184	4
140	4
201	4
159	4
191	5
119	4
trial 1276625364
230	5
52	3
125	4
202	5
232	5
106	3
221	5
151	4
156	4
99	3
trial 1276625440
225	5
53	3
139	4
220	5
230	5
207	5
149	4
61	3
223	5
236	5
trial 1276625498
156	4
168	5
140	4
132	4
250	5
95	4
74	3
58	3
92	4
226	5
